(kicad_pcb (version 20171130) (host pcbnew "(5.1.6)-1")

  (general
    (thickness 1.6)
    (drawings 4)
    (tracks 368)
    (zones 0)
    (modules 167)
    (nets 121)
  )

  (page A4)
  (layers
    (0 F.Cu signal)
    (31 B.Cu signal)
    (32 B.Adhes user)
    (33 F.Adhes user)
    (34 B.Paste user)
    (35 F.Paste user)
    (36 B.SilkS user)
    (37 F.SilkS user)
    (38 B.Mask user)
    (39 F.Mask user)
    (40 Dwgs.User user)
    (41 Cmts.User user)
    (42 Eco1.User user)
    (43 Eco2.User user)
    (44 Edge.Cuts user)
    (45 Margin user)
    (46 B.CrtYd user hide)
    (47 F.CrtYd user hide)
    (48 B.Fab user hide)
    (49 F.Fab user hide)
  )

  (setup
    (last_trace_width 0.25)
    (trace_clearance 0.2)
    (zone_clearance 0.508)
    (zone_45_only no)
    (trace_min 0.2)
    (via_size 0.8)
    (via_drill 0.4)
    (via_min_size 0.4)
    (via_min_drill 0.3)
    (uvia_size 0.3)
    (uvia_drill 0.1)
    (uvias_allowed no)
    (uvia_min_size 0.2)
    (uvia_min_drill 0.1)
    (edge_width 0.05)
    (segment_width 0.2)
    (pcb_text_width 0.3)
    (pcb_text_size 1.5 1.5)
    (mod_edge_width 0.12)
    (mod_text_size 1 1)
    (mod_text_width 0.15)
    (pad_size 1.524 1.524)
    (pad_drill 0.762)
    (pad_to_mask_clearance 0.05)
    (aux_axis_origin 0 0)
    (visible_elements 7FFFFFFF)
    (pcbplotparams
      (layerselection 0x010fc_ffffffff)
      (usegerberextensions false)
      (usegerberattributes true)
      (usegerberadvancedattributes true)
      (creategerberjobfile true)
      (excludeedgelayer true)
      (linewidth 0.100000)
      (plotframeref false)
      (viasonmask false)
      (mode 1)
      (useauxorigin false)
      (hpglpennumber 1)
      (hpglpenspeed 20)
      (hpglpendiameter 15.000000)
      (psnegative false)
      (psa4output false)
      (plotreference true)
      (plotvalue true)
      (plotinvisibletext false)
      (padsonsilk false)
      (subtractmaskfromsilk false)
      (outputformat 1)
      (mirror false)
      (drillshape 1)
      (scaleselection 1)
      (outputdirectory ""))
  )

  (net 0 "")
  (net 1 GND)
  (net 2 +12V)
  (net 3 VDC)
  (net 4 "Net-(C4-Pad1)")
  (net 5 "Net-(C5-Pad2)")
  (net 6 /Inverter/SENSE_IA)
  (net 7 VDDA)
  (net 8 GNDA)
  (net 9 /Inverter/SENSE_VDC)
  (net 10 "Net-(C8-Pad2)")
  (net 11 "Net-(C11-Pad1)")
  (net 12 /Inverter/SENSE_IB)
  (net 13 "Net-(C12-Pad2)")
  (net 14 "Net-(C15-Pad1)")
  (net 15 "Net-(C18-Pad1)")
  (net 16 /Inverter/SENSE_IC)
  (net 17 "Net-(C19-Pad2)")
  (net 18 VCOM)
  (net 19 "Net-(C24-Pad1)")
  (net 20 /Inverter/SENSE_ID)
  (net 21 "Net-(C25-Pad2)")
  (net 22 +5V)
  (net 23 "Net-(C32-Pad1)")
  (net 24 "Net-(C32-Pad2)")
  (net 25 "Net-(C34-Pad2)")
  (net 26 +3V3)
  (net 27 GNDD)
  (net 28 +5VD)
  (net 29 "Net-(D1-Pad2)")
  (net 30 "Net-(D2-Pad2)")
  (net 31 "Net-(D3-Pad2)")
  (net 32 "Net-(D4-Pad2)")
  (net 33 "Net-(D6-Pad2)")
  (net 34 "Net-(D7-Pad2)")
  (net 35 /Inverter/GATE_DL)
  (net 36 "Net-(IC1-Pad5)")
  (net 37 "Net-(IC1-Pad6)")
  (net 38 /T_NRST)
  (net 39 /MCU/DIPSW_0)
  (net 40 /MCU/DIPSW_1)
  (net 41 /MCU/DIPSW_2)
  (net 42 /MCU/DIPSW_3)
  (net 43 /MCU/RS485_DE)
  (net 44 /MCU/RS485_DI)
  (net 45 /MCU/RS485_RO)
  (net 46 /SPI_NSS)
  (net 47 /Inverter/GATE_AL)
  (net 48 /T_VCP_RX)
  (net 49 /T_VCP_TX)
  (net 50 "Net-(IC1-Pad34)")
  (net 51 /Inverter/GATE_AH)
  (net 52 /Inverter/GATE_BH)
  (net 53 /Inverter/GATE_CH)
  (net 54 /Inverter/GATE_DH)
  (net 55 /MCU/ENC_Z)
  (net 56 /MCU/CAN_RD)
  (net 57 /MCU/CAN_TD)
  (net 58 /T_SWDIO)
  (net 59 /T_SWCLK)
  (net 60 /SPI_SCK)
  (net 61 /SPI_MISO)
  (net 62 /Inverter/GATE_CL)
  (net 63 /T_SWO)
  (net 64 /Inverter/GATE_BL)
  (net 65 /SPI_MOSI)
  (net 66 /MCU/ENC_A)
  (net 67 /MCU/ENC_B)
  (net 68 "Net-(IC1-Pad61)")
  (net 69 /CAN_L)
  (net 70 /CAN_H)
  (net 71 /RS485_A)
  (net 72 /RS485_B)
  (net 73 /ENC_A+)
  (net 74 /ENC_B+)
  (net 75 /ENC_Z+)
  (net 76 /ENC_A-)
  (net 77 /ENC_B-)
  (net 78 /ENC_Z-)
  (net 79 /Inverter/VOUT_A)
  (net 80 /Inverter/VOUT_B)
  (net 81 /Inverter/VOUT_C)
  (net 82 /Inverter/VOUT_D)
  (net 83 "Net-(NT1-Pad2)")
  (net 84 "Net-(NT2-Pad2)")
  (net 85 "Net-(NT3-Pad2)")
  (net 86 "Net-(NT4-Pad2)")
  (net 87 "Net-(NT5-Pad2)")
  (net 88 "Net-(NT6-Pad2)")
  (net 89 "Net-(NT7-Pad2)")
  (net 90 "Net-(NT8-Pad2)")
  (net 91 "Net-(Q1-Pad4)")
  (net 92 "Net-(Q2-Pad4)")
  (net 93 "Net-(Q3-Pad4)")
  (net 94 "Net-(Q4-Pad4)")
  (net 95 "Net-(Q5-Pad4)")
  (net 96 "Net-(Q6-Pad4)")
  (net 97 "Net-(Q7-Pad4)")
  (net 98 "Net-(Q8-Pad4)")
  (net 99 "Net-(R2-Pad1)")
  (net 100 "Net-(R5-Pad2)")
  (net 101 "Net-(R7-Pad2)")
  (net 102 "Net-(R11-Pad1)")
  (net 103 "Net-(R14-Pad1)")
  (net 104 "Net-(R17-Pad2)")
  (net 105 "Net-(R19-Pad2)")
  (net 106 "Net-(R24-Pad1)")
  (net 107 "Net-(R27-Pad2)")
  (net 108 "Net-(R29-Pad2)")
  (net 109 "Net-(R30-Pad2)")
  (net 110 "Net-(R33-Pad1)")
  (net 111 "Net-(R36-Pad2)")
  (net 112 "Net-(R38-Pad2)")
  (net 113 "Net-(R40-Pad2)")
  (net 114 "Net-(R41-Pad1)")
  (net 115 "Net-(U14-Pad1)")
  (net 116 "Net-(U14-Pad4)")
  (net 117 "Net-(NT1-Pad1)")
  (net 118 "Net-(NT3-Pad1)")
  (net 119 "Net-(NT5-Pad1)")
  (net 120 "Net-(NT7-Pad1)")

  (net_class Default "This is the default net class."
    (clearance 0.2)
    (trace_width 0.25)
    (via_dia 0.8)
    (via_drill 0.4)
    (uvia_dia 0.3)
    (uvia_drill 0.1)
    (add_net +12V)
    (add_net +3V3)
    (add_net +5V)
    (add_net +5VD)
    (add_net /CAN_H)
    (add_net /CAN_L)
    (add_net /ENC_A+)
    (add_net /ENC_A-)
    (add_net /ENC_B+)
    (add_net /ENC_B-)
    (add_net /ENC_Z+)
    (add_net /ENC_Z-)
    (add_net /Inverter/GATE_AH)
    (add_net /Inverter/GATE_AL)
    (add_net /Inverter/GATE_BH)
    (add_net /Inverter/GATE_BL)
    (add_net /Inverter/GATE_CH)
    (add_net /Inverter/GATE_CL)
    (add_net /Inverter/GATE_DH)
    (add_net /Inverter/GATE_DL)
    (add_net /Inverter/SENSE_IA)
    (add_net /Inverter/SENSE_IB)
    (add_net /Inverter/SENSE_IC)
    (add_net /Inverter/SENSE_ID)
    (add_net /Inverter/SENSE_VDC)
    (add_net /Inverter/VOUT_A)
    (add_net /Inverter/VOUT_B)
    (add_net /Inverter/VOUT_C)
    (add_net /Inverter/VOUT_D)
    (add_net /MCU/CAN_RD)
    (add_net /MCU/CAN_TD)
    (add_net /MCU/DIPSW_0)
    (add_net /MCU/DIPSW_1)
    (add_net /MCU/DIPSW_2)
    (add_net /MCU/DIPSW_3)
    (add_net /MCU/ENC_A)
    (add_net /MCU/ENC_B)
    (add_net /MCU/ENC_Z)
    (add_net /MCU/RS485_DE)
    (add_net /MCU/RS485_DI)
    (add_net /MCU/RS485_RO)
    (add_net /RS485_A)
    (add_net /RS485_B)
    (add_net /SPI_MISO)
    (add_net /SPI_MOSI)
    (add_net /SPI_NSS)
    (add_net /SPI_SCK)
    (add_net /T_NRST)
    (add_net /T_SWCLK)
    (add_net /T_SWDIO)
    (add_net /T_SWO)
    (add_net /T_VCP_RX)
    (add_net /T_VCP_TX)
    (add_net GND)
    (add_net GNDA)
    (add_net GNDD)
    (add_net "Net-(C11-Pad1)")
    (add_net "Net-(C12-Pad2)")
    (add_net "Net-(C15-Pad1)")
    (add_net "Net-(C18-Pad1)")
    (add_net "Net-(C19-Pad2)")
    (add_net "Net-(C24-Pad1)")
    (add_net "Net-(C25-Pad2)")
    (add_net "Net-(C32-Pad1)")
    (add_net "Net-(C32-Pad2)")
    (add_net "Net-(C34-Pad2)")
    (add_net "Net-(C4-Pad1)")
    (add_net "Net-(C5-Pad2)")
    (add_net "Net-(C8-Pad2)")
    (add_net "Net-(D1-Pad2)")
    (add_net "Net-(D2-Pad2)")
    (add_net "Net-(D3-Pad2)")
    (add_net "Net-(D4-Pad2)")
    (add_net "Net-(D6-Pad2)")
    (add_net "Net-(D7-Pad2)")
    (add_net "Net-(IC1-Pad34)")
    (add_net "Net-(IC1-Pad5)")
    (add_net "Net-(IC1-Pad6)")
    (add_net "Net-(IC1-Pad61)")
    (add_net "Net-(NT1-Pad1)")
    (add_net "Net-(NT1-Pad2)")
    (add_net "Net-(NT2-Pad2)")
    (add_net "Net-(NT3-Pad1)")
    (add_net "Net-(NT3-Pad2)")
    (add_net "Net-(NT4-Pad2)")
    (add_net "Net-(NT5-Pad1)")
    (add_net "Net-(NT5-Pad2)")
    (add_net "Net-(NT6-Pad2)")
    (add_net "Net-(NT7-Pad1)")
    (add_net "Net-(NT7-Pad2)")
    (add_net "Net-(NT8-Pad2)")
    (add_net "Net-(Q1-Pad4)")
    (add_net "Net-(Q2-Pad4)")
    (add_net "Net-(Q3-Pad4)")
    (add_net "Net-(Q4-Pad4)")
    (add_net "Net-(Q5-Pad4)")
    (add_net "Net-(Q6-Pad4)")
    (add_net "Net-(Q7-Pad4)")
    (add_net "Net-(Q8-Pad4)")
    (add_net "Net-(R11-Pad1)")
    (add_net "Net-(R14-Pad1)")
    (add_net "Net-(R17-Pad2)")
    (add_net "Net-(R19-Pad2)")
    (add_net "Net-(R2-Pad1)")
    (add_net "Net-(R24-Pad1)")
    (add_net "Net-(R27-Pad2)")
    (add_net "Net-(R29-Pad2)")
    (add_net "Net-(R30-Pad2)")
    (add_net "Net-(R33-Pad1)")
    (add_net "Net-(R36-Pad2)")
    (add_net "Net-(R38-Pad2)")
    (add_net "Net-(R40-Pad2)")
    (add_net "Net-(R41-Pad1)")
    (add_net "Net-(R5-Pad2)")
    (add_net "Net-(R7-Pad2)")
    (add_net "Net-(U14-Pad1)")
    (add_net "Net-(U14-Pad4)")
    (add_net VCOM)
    (add_net VDC)
    (add_net VDDA)
  )

  (module Package_SO:PowerPAK_SO-8_Single (layer F.Cu) (tedit 5EADE248) (tstamp 605DFC89)
    (at 32 15.5 270)
    (descr "PowerPAK SO-8 Single (https://www.vishay.com/docs/71655/powerpak.pdf, https://www.vishay.com/docs/72599/72599.pdf)")
    (tags "PowerPAK SO-8 Single")
    (path /6062D296/606EAFB6)
    (attr smd)
    (fp_text reference Q5 (at 0 -3.5 90) (layer F.SilkS)
      (effects (font (size 1 1) (thickness 0.15)))
    )
    (fp_text value NTMFS5C670NL (at 0 3.5 90) (layer F.Fab)
      (effects (font (size 1 1) (thickness 0.15)))
    )
    (fp_line (start -1.945 -2.45) (end -2.945 -1.45) (layer F.Fab) (width 0.1))
    (fp_line (start -2.945 2.57) (end 2.945 2.57) (layer F.SilkS) (width 0.12))
    (fp_line (start -3.4 -2.57) (end 2.945 -2.57) (layer F.SilkS) (width 0.12))
    (fp_line (start -3.55 2.75) (end 3.55 2.75) (layer F.CrtYd) (width 0.05))
    (fp_line (start -3.55 -2.75) (end 3.55 -2.75) (layer F.CrtYd) (width 0.05))
    (fp_line (start 3.55 -2.75) (end 3.55 2.75) (layer F.CrtYd) (width 0.05))
    (fp_line (start -3.55 -2.75) (end -3.55 2.75) (layer F.CrtYd) (width 0.05))
    (fp_line (start -1.945 -2.45) (end 2.945 -2.45) (layer F.Fab) (width 0.1))
    (fp_line (start 2.945 -2.45) (end 2.945 2.45) (layer F.Fab) (width 0.1))
    (fp_line (start 2.945 2.45) (end -2.945 2.45) (layer F.Fab) (width 0.1))
    (fp_line (start -2.945 2.45) (end -2.945 -1.45) (layer F.Fab) (width 0.1))
    (fp_text user %R (at 0 0 90) (layer F.Fab)
      (effects (font (size 1 1) (thickness 0.15)))
    )
    (pad 1 smd rect (at -2.67 -1.905 270) (size 1.27 0.61) (layers F.Cu F.Paste F.Mask)
      (net 81 /Inverter/VOUT_C))
    (pad 2 smd rect (at -2.67 -0.635 270) (size 1.27 0.61) (layers F.Cu F.Paste F.Mask)
      (net 81 /Inverter/VOUT_C))
    (pad 3 smd rect (at -2.67 0.635 270) (size 1.27 0.61) (layers F.Cu F.Paste F.Mask)
      (net 81 /Inverter/VOUT_C))
    (pad 4 smd rect (at -2.67 1.905 270) (size 1.27 0.61) (layers F.Cu F.Paste F.Mask)
      (net 95 "Net-(Q5-Pad4)"))
    (pad 5 smd rect (at 2.795 1.905 270) (size 1.02 0.61) (layers F.Cu F.Paste F.Mask)
      (net 3 VDC))
    (pad 5 smd rect (at 2.795 0.635 270) (size 1.02 0.61) (layers F.Cu F.Paste F.Mask)
      (net 3 VDC))
    (pad 5 smd rect (at 2.795 -0.635 270) (size 1.02 0.61) (layers F.Cu F.Paste F.Mask)
      (net 3 VDC))
    (pad 5 smd rect (at 2.795 -1.905 270) (size 1.02 0.61) (layers F.Cu F.Paste F.Mask)
      (net 3 VDC))
    (pad 5 smd rect (at 0.69 0 270) (size 3.81 3.91) (layers F.Cu F.Paste F.Mask)
      (net 3 VDC))
    (model ${KISYS3DMOD}/Package_SO.3dshapes/PowerPAK_SO-8_Single.wrl
      (at (xyz 0 0 0))
      (scale (xyz 1 1 1))
      (rotate (xyz 0 0 0))
    )
  )

  (module Package_SO:SOIC-8_3.9x4.9mm_P1.27mm (layer F.Cu) (tedit 5D9F72B1) (tstamp 605D0460)
    (at 60 31.5 90)
    (descr "SOIC, 8 Pin (JEDEC MS-012AA, https://www.analog.com/media/en/package-pcb-resources/package/pkg_pdf/soic_narrow-r/r_8.pdf), generated with kicad-footprint-generator ipc_gullwing_generator.py")
    (tags "SOIC SO")
    (path /6062D296/606EAE80)
    (attr smd)
    (fp_text reference U1 (at 0 -3.4 90) (layer F.SilkS)
      (effects (font (size 1 1) (thickness 0.15)))
    )
    (fp_text value LM5109BMA (at 0 3.4 90) (layer F.Fab)
      (effects (font (size 1 1) (thickness 0.15)))
    )
    (fp_line (start 0 2.56) (end 1.95 2.56) (layer F.SilkS) (width 0.12))
    (fp_line (start 0 2.56) (end -1.95 2.56) (layer F.SilkS) (width 0.12))
    (fp_line (start 0 -2.56) (end 1.95 -2.56) (layer F.SilkS) (width 0.12))
    (fp_line (start 0 -2.56) (end -3.45 -2.56) (layer F.SilkS) (width 0.12))
    (fp_line (start -0.975 -2.45) (end 1.95 -2.45) (layer F.Fab) (width 0.1))
    (fp_line (start 1.95 -2.45) (end 1.95 2.45) (layer F.Fab) (width 0.1))
    (fp_line (start 1.95 2.45) (end -1.95 2.45) (layer F.Fab) (width 0.1))
    (fp_line (start -1.95 2.45) (end -1.95 -1.475) (layer F.Fab) (width 0.1))
    (fp_line (start -1.95 -1.475) (end -0.975 -2.45) (layer F.Fab) (width 0.1))
    (fp_line (start -3.7 -2.7) (end -3.7 2.7) (layer F.CrtYd) (width 0.05))
    (fp_line (start -3.7 2.7) (end 3.7 2.7) (layer F.CrtYd) (width 0.05))
    (fp_line (start 3.7 2.7) (end 3.7 -2.7) (layer F.CrtYd) (width 0.05))
    (fp_line (start 3.7 -2.7) (end -3.7 -2.7) (layer F.CrtYd) (width 0.05))
    (fp_text user %R (at 0 0 90) (layer F.Fab)
      (effects (font (size 0.98 0.98) (thickness 0.15)))
    )
    (pad 8 smd roundrect (at 2.475 -1.905 90) (size 1.95 0.6) (layers F.Cu F.Paste F.Mask) (roundrect_rratio 0.25)
      (net 4 "Net-(C4-Pad1)"))
    (pad 7 smd roundrect (at 2.475 -0.635 90) (size 1.95 0.6) (layers F.Cu F.Paste F.Mask) (roundrect_rratio 0.25)
      (net 101 "Net-(R7-Pad2)"))
    (pad 6 smd roundrect (at 2.475 0.635 90) (size 1.95 0.6) (layers F.Cu F.Paste F.Mask) (roundrect_rratio 0.25)
      (net 79 /Inverter/VOUT_A))
    (pad 5 smd roundrect (at 2.475 1.905 90) (size 1.95 0.6) (layers F.Cu F.Paste F.Mask) (roundrect_rratio 0.25)
      (net 100 "Net-(R5-Pad2)"))
    (pad 4 smd roundrect (at -2.475 1.905 90) (size 1.95 0.6) (layers F.Cu F.Paste F.Mask) (roundrect_rratio 0.25)
      (net 1 GND))
    (pad 3 smd roundrect (at -2.475 0.635 90) (size 1.95 0.6) (layers F.Cu F.Paste F.Mask) (roundrect_rratio 0.25)
      (net 47 /Inverter/GATE_AL))
    (pad 2 smd roundrect (at -2.475 -0.635 90) (size 1.95 0.6) (layers F.Cu F.Paste F.Mask) (roundrect_rratio 0.25)
      (net 51 /Inverter/GATE_AH))
    (pad 1 smd roundrect (at -2.475 -1.905 90) (size 1.95 0.6) (layers F.Cu F.Paste F.Mask) (roundrect_rratio 0.25)
      (net 2 +12V))
    (model ${KISYS3DMOD}/Package_SO.3dshapes/SOIC-8_3.9x4.9mm_P1.27mm.wrl
      (at (xyz 0 0 0))
      (scale (xyz 1 1 1))
      (rotate (xyz 0 0 0))
    )
  )

  (module Resistor_SMD:R_0603_1608Metric (layer F.Cu) (tedit 5B301BBD) (tstamp 605C67B8)
    (at 59.5 26 270)
    (descr "Resistor SMD 0603 (1608 Metric), square (rectangular) end terminal, IPC_7351 nominal, (Body size source: http://www.tortai-tech.com/upload/download/2011102023233369053.pdf), generated with kicad-footprint-generator")
    (tags resistor)
    (path /6062D296/606EAE0F)
    (attr smd)
    (fp_text reference R7 (at 0 -1.43 90) (layer F.SilkS)
      (effects (font (size 1 1) (thickness 0.15)))
    )
    (fp_text value 0R (at 0 1.43 90) (layer F.Fab)
      (effects (font (size 1 1) (thickness 0.15)))
    )
    (fp_line (start -0.8 0.4) (end -0.8 -0.4) (layer F.Fab) (width 0.1))
    (fp_line (start -0.8 -0.4) (end 0.8 -0.4) (layer F.Fab) (width 0.1))
    (fp_line (start 0.8 -0.4) (end 0.8 0.4) (layer F.Fab) (width 0.1))
    (fp_line (start 0.8 0.4) (end -0.8 0.4) (layer F.Fab) (width 0.1))
    (fp_line (start -0.162779 -0.51) (end 0.162779 -0.51) (layer F.SilkS) (width 0.12))
    (fp_line (start -0.162779 0.51) (end 0.162779 0.51) (layer F.SilkS) (width 0.12))
    (fp_line (start -1.48 0.73) (end -1.48 -0.73) (layer F.CrtYd) (width 0.05))
    (fp_line (start -1.48 -0.73) (end 1.48 -0.73) (layer F.CrtYd) (width 0.05))
    (fp_line (start 1.48 -0.73) (end 1.48 0.73) (layer F.CrtYd) (width 0.05))
    (fp_line (start 1.48 0.73) (end -1.48 0.73) (layer F.CrtYd) (width 0.05))
    (fp_text user %R (at 0 0 90) (layer F.Fab)
      (effects (font (size 0.4 0.4) (thickness 0.06)))
    )
    (pad 2 smd roundrect (at 0.7875 0 270) (size 0.875 0.95) (layers F.Cu F.Paste F.Mask) (roundrect_rratio 0.25)
      (net 101 "Net-(R7-Pad2)"))
    (pad 1 smd roundrect (at -0.7875 0 270) (size 0.875 0.95) (layers F.Cu F.Paste F.Mask) (roundrect_rratio 0.25)
      (net 91 "Net-(Q1-Pad4)"))
    (model ${KISYS3DMOD}/Resistor_SMD.3dshapes/R_0603_1608Metric.wrl
      (at (xyz 0 0 0))
      (scale (xyz 1 1 1))
      (rotate (xyz 0 0 0))
    )
  )

  (module Capacitor_SMD:C_0603_1608Metric (layer B.Cu) (tedit 5B301BBE) (tstamp 605D04E4)
    (at 60 34 180)
    (descr "Capacitor SMD 0603 (1608 Metric), square (rectangular) end terminal, IPC_7351 nominal, (Body size source: http://www.tortai-tech.com/upload/download/2011102023233369053.pdf), generated with kicad-footprint-generator")
    (tags capacitor)
    (path /6062D296/606EAE68)
    (attr smd)
    (fp_text reference C1 (at 0 1.43) (layer B.SilkS)
      (effects (font (size 1 1) (thickness 0.15)) (justify mirror))
    )
    (fp_text value 1uF/16V (at 0 -1.43) (layer B.Fab)
      (effects (font (size 1 1) (thickness 0.15)) (justify mirror))
    )
    (fp_line (start 1.48 -0.73) (end -1.48 -0.73) (layer B.CrtYd) (width 0.05))
    (fp_line (start 1.48 0.73) (end 1.48 -0.73) (layer B.CrtYd) (width 0.05))
    (fp_line (start -1.48 0.73) (end 1.48 0.73) (layer B.CrtYd) (width 0.05))
    (fp_line (start -1.48 -0.73) (end -1.48 0.73) (layer B.CrtYd) (width 0.05))
    (fp_line (start -0.162779 -0.51) (end 0.162779 -0.51) (layer B.SilkS) (width 0.12))
    (fp_line (start -0.162779 0.51) (end 0.162779 0.51) (layer B.SilkS) (width 0.12))
    (fp_line (start 0.8 -0.4) (end -0.8 -0.4) (layer B.Fab) (width 0.1))
    (fp_line (start 0.8 0.4) (end 0.8 -0.4) (layer B.Fab) (width 0.1))
    (fp_line (start -0.8 0.4) (end 0.8 0.4) (layer B.Fab) (width 0.1))
    (fp_line (start -0.8 -0.4) (end -0.8 0.4) (layer B.Fab) (width 0.1))
    (fp_text user %R (at 0 0) (layer B.Fab)
      (effects (font (size 0.4 0.4) (thickness 0.06)) (justify mirror))
    )
    (pad 1 smd roundrect (at -0.7875 0 180) (size 0.875 0.95) (layers B.Cu B.Paste B.Mask) (roundrect_rratio 0.25)
      (net 1 GND))
    (pad 2 smd roundrect (at 0.7875 0 180) (size 0.875 0.95) (layers B.Cu B.Paste B.Mask) (roundrect_rratio 0.25)
      (net 2 +12V))
    (model ${KISYS3DMOD}/Capacitor_SMD.3dshapes/C_0603_1608Metric.wrl
      (at (xyz 0 0 0))
      (scale (xyz 1 1 1))
      (rotate (xyz 0 0 0))
    )
  )

  (module Capacitor_SMD:CP_Elec_10x10 (layer F.Cu) (tedit 5BCA39D1) (tstamp 6057B661)
    (at 84 26)
    (descr "SMD capacitor, aluminum electrolytic, Nichicon, 10.0x10.0mm")
    (tags "capacitor electrolytic")
    (path /6062D296/60B83C89)
    (attr smd)
    (fp_text reference C2 (at 0 -6.2) (layer F.SilkS)
      (effects (font (size 1 1) (thickness 0.15)))
    )
    (fp_text value 100uF/50V (at 0 6.2) (layer F.Fab)
      (effects (font (size 1 1) (thickness 0.15)))
    )
    (fp_line (start -6.25 1.5) (end -5.4 1.5) (layer F.CrtYd) (width 0.05))
    (fp_line (start -6.25 -1.5) (end -6.25 1.5) (layer F.CrtYd) (width 0.05))
    (fp_line (start -5.4 -1.5) (end -6.25 -1.5) (layer F.CrtYd) (width 0.05))
    (fp_line (start -5.4 1.5) (end -5.4 4.25) (layer F.CrtYd) (width 0.05))
    (fp_line (start -5.4 -4.25) (end -5.4 -1.5) (layer F.CrtYd) (width 0.05))
    (fp_line (start -5.4 -4.25) (end -4.25 -5.4) (layer F.CrtYd) (width 0.05))
    (fp_line (start -5.4 4.25) (end -4.25 5.4) (layer F.CrtYd) (width 0.05))
    (fp_line (start -4.25 -5.4) (end 5.4 -5.4) (layer F.CrtYd) (width 0.05))
    (fp_line (start -4.25 5.4) (end 5.4 5.4) (layer F.CrtYd) (width 0.05))
    (fp_line (start 5.4 1.5) (end 5.4 5.4) (layer F.CrtYd) (width 0.05))
    (fp_line (start 6.25 1.5) (end 5.4 1.5) (layer F.CrtYd) (width 0.05))
    (fp_line (start 6.25 -1.5) (end 6.25 1.5) (layer F.CrtYd) (width 0.05))
    (fp_line (start 5.4 -1.5) (end 6.25 -1.5) (layer F.CrtYd) (width 0.05))
    (fp_line (start 5.4 -5.4) (end 5.4 -1.5) (layer F.CrtYd) (width 0.05))
    (fp_line (start -6.125 -3.385) (end -6.125 -2.135) (layer F.SilkS) (width 0.12))
    (fp_line (start -6.75 -2.76) (end -5.5 -2.76) (layer F.SilkS) (width 0.12))
    (fp_line (start -5.26 4.195563) (end -4.195563 5.26) (layer F.SilkS) (width 0.12))
    (fp_line (start -5.26 -4.195563) (end -4.195563 -5.26) (layer F.SilkS) (width 0.12))
    (fp_line (start -5.26 -4.195563) (end -5.26 -1.51) (layer F.SilkS) (width 0.12))
    (fp_line (start -5.26 4.195563) (end -5.26 1.51) (layer F.SilkS) (width 0.12))
    (fp_line (start -4.195563 5.26) (end 5.26 5.26) (layer F.SilkS) (width 0.12))
    (fp_line (start -4.195563 -5.26) (end 5.26 -5.26) (layer F.SilkS) (width 0.12))
    (fp_line (start 5.26 -5.26) (end 5.26 -1.51) (layer F.SilkS) (width 0.12))
    (fp_line (start 5.26 5.26) (end 5.26 1.51) (layer F.SilkS) (width 0.12))
    (fp_line (start -4.058325 -2.2) (end -4.058325 -1.2) (layer F.Fab) (width 0.1))
    (fp_line (start -4.558325 -1.7) (end -3.558325 -1.7) (layer F.Fab) (width 0.1))
    (fp_line (start -5.15 4.15) (end -4.15 5.15) (layer F.Fab) (width 0.1))
    (fp_line (start -5.15 -4.15) (end -4.15 -5.15) (layer F.Fab) (width 0.1))
    (fp_line (start -5.15 -4.15) (end -5.15 4.15) (layer F.Fab) (width 0.1))
    (fp_line (start -4.15 5.15) (end 5.15 5.15) (layer F.Fab) (width 0.1))
    (fp_line (start -4.15 -5.15) (end 5.15 -5.15) (layer F.Fab) (width 0.1))
    (fp_line (start 5.15 -5.15) (end 5.15 5.15) (layer F.Fab) (width 0.1))
    (fp_circle (center 0 0) (end 5 0) (layer F.Fab) (width 0.1))
    (fp_text user %R (at 0 0) (layer F.Fab)
      (effects (font (size 1 1) (thickness 0.15)))
    )
    (pad 1 smd roundrect (at -4 0) (size 4 2.5) (layers F.Cu F.Paste F.Mask) (roundrect_rratio 0.1)
      (net 3 VDC))
    (pad 2 smd roundrect (at 4 0) (size 4 2.5) (layers F.Cu F.Paste F.Mask) (roundrect_rratio 0.1)
      (net 1 GND))
    (model ${KISYS3DMOD}/Capacitor_SMD.3dshapes/CP_Elec_10x10.wrl
      (at (xyz 0 0 0))
      (scale (xyz 1 1 1))
      (rotate (xyz 0 0 0))
    )
  )

  (module Capacitor_SMD:CP_Elec_10x10 (layer F.Cu) (tedit 5BCA39D1) (tstamp 6057B689)
    (at 84 14.5)
    (descr "SMD capacitor, aluminum electrolytic, Nichicon, 10.0x10.0mm")
    (tags "capacitor electrolytic")
    (path /6062D296/60B85446)
    (attr smd)
    (fp_text reference C3 (at 0 -6.2) (layer F.SilkS)
      (effects (font (size 1 1) (thickness 0.15)))
    )
    (fp_text value 100uF/50V (at 0 6.2) (layer F.Fab)
      (effects (font (size 1 1) (thickness 0.15)))
    )
    (fp_circle (center 0 0) (end 5 0) (layer F.Fab) (width 0.1))
    (fp_line (start 5.15 -5.15) (end 5.15 5.15) (layer F.Fab) (width 0.1))
    (fp_line (start -4.15 -5.15) (end 5.15 -5.15) (layer F.Fab) (width 0.1))
    (fp_line (start -4.15 5.15) (end 5.15 5.15) (layer F.Fab) (width 0.1))
    (fp_line (start -5.15 -4.15) (end -5.15 4.15) (layer F.Fab) (width 0.1))
    (fp_line (start -5.15 -4.15) (end -4.15 -5.15) (layer F.Fab) (width 0.1))
    (fp_line (start -5.15 4.15) (end -4.15 5.15) (layer F.Fab) (width 0.1))
    (fp_line (start -4.558325 -1.7) (end -3.558325 -1.7) (layer F.Fab) (width 0.1))
    (fp_line (start -4.058325 -2.2) (end -4.058325 -1.2) (layer F.Fab) (width 0.1))
    (fp_line (start 5.26 5.26) (end 5.26 1.51) (layer F.SilkS) (width 0.12))
    (fp_line (start 5.26 -5.26) (end 5.26 -1.51) (layer F.SilkS) (width 0.12))
    (fp_line (start -4.195563 -5.26) (end 5.26 -5.26) (layer F.SilkS) (width 0.12))
    (fp_line (start -4.195563 5.26) (end 5.26 5.26) (layer F.SilkS) (width 0.12))
    (fp_line (start -5.26 4.195563) (end -5.26 1.51) (layer F.SilkS) (width 0.12))
    (fp_line (start -5.26 -4.195563) (end -5.26 -1.51) (layer F.SilkS) (width 0.12))
    (fp_line (start -5.26 -4.195563) (end -4.195563 -5.26) (layer F.SilkS) (width 0.12))
    (fp_line (start -5.26 4.195563) (end -4.195563 5.26) (layer F.SilkS) (width 0.12))
    (fp_line (start -6.75 -2.76) (end -5.5 -2.76) (layer F.SilkS) (width 0.12))
    (fp_line (start -6.125 -3.385) (end -6.125 -2.135) (layer F.SilkS) (width 0.12))
    (fp_line (start 5.4 -5.4) (end 5.4 -1.5) (layer F.CrtYd) (width 0.05))
    (fp_line (start 5.4 -1.5) (end 6.25 -1.5) (layer F.CrtYd) (width 0.05))
    (fp_line (start 6.25 -1.5) (end 6.25 1.5) (layer F.CrtYd) (width 0.05))
    (fp_line (start 6.25 1.5) (end 5.4 1.5) (layer F.CrtYd) (width 0.05))
    (fp_line (start 5.4 1.5) (end 5.4 5.4) (layer F.CrtYd) (width 0.05))
    (fp_line (start -4.25 5.4) (end 5.4 5.4) (layer F.CrtYd) (width 0.05))
    (fp_line (start -4.25 -5.4) (end 5.4 -5.4) (layer F.CrtYd) (width 0.05))
    (fp_line (start -5.4 4.25) (end -4.25 5.4) (layer F.CrtYd) (width 0.05))
    (fp_line (start -5.4 -4.25) (end -4.25 -5.4) (layer F.CrtYd) (width 0.05))
    (fp_line (start -5.4 -4.25) (end -5.4 -1.5) (layer F.CrtYd) (width 0.05))
    (fp_line (start -5.4 1.5) (end -5.4 4.25) (layer F.CrtYd) (width 0.05))
    (fp_line (start -5.4 -1.5) (end -6.25 -1.5) (layer F.CrtYd) (width 0.05))
    (fp_line (start -6.25 -1.5) (end -6.25 1.5) (layer F.CrtYd) (width 0.05))
    (fp_line (start -6.25 1.5) (end -5.4 1.5) (layer F.CrtYd) (width 0.05))
    (fp_text user %R (at 0 0) (layer F.Fab)
      (effects (font (size 1 1) (thickness 0.15)))
    )
    (pad 2 smd roundrect (at 4 0) (size 4 2.5) (layers F.Cu F.Paste F.Mask) (roundrect_rratio 0.1)
      (net 1 GND))
    (pad 1 smd roundrect (at -4 0) (size 4 2.5) (layers F.Cu F.Paste F.Mask) (roundrect_rratio 0.1)
      (net 3 VDC))
    (model ${KISYS3DMOD}/Capacitor_SMD.3dshapes/CP_Elec_10x10.wrl
      (at (xyz 0 0 0))
      (scale (xyz 1 1 1))
      (rotate (xyz 0 0 0))
    )
  )

  (module Capacitor_SMD:C_0603_1608Metric (layer B.Cu) (tedit 5B301BBE) (tstamp 605D0514)
    (at 59.5 29)
    (descr "Capacitor SMD 0603 (1608 Metric), square (rectangular) end terminal, IPC_7351 nominal, (Body size source: http://www.tortai-tech.com/upload/download/2011102023233369053.pdf), generated with kicad-footprint-generator")
    (tags capacitor)
    (path /6062D296/606EAE6E)
    (attr smd)
    (fp_text reference C4 (at 0 1.43) (layer B.SilkS)
      (effects (font (size 1 1) (thickness 0.15)) (justify mirror))
    )
    (fp_text value 0.1uF/16V (at 0 -1.43) (layer B.Fab)
      (effects (font (size 1 1) (thickness 0.15)) (justify mirror))
    )
    (fp_line (start -0.8 -0.4) (end -0.8 0.4) (layer B.Fab) (width 0.1))
    (fp_line (start -0.8 0.4) (end 0.8 0.4) (layer B.Fab) (width 0.1))
    (fp_line (start 0.8 0.4) (end 0.8 -0.4) (layer B.Fab) (width 0.1))
    (fp_line (start 0.8 -0.4) (end -0.8 -0.4) (layer B.Fab) (width 0.1))
    (fp_line (start -0.162779 0.51) (end 0.162779 0.51) (layer B.SilkS) (width 0.12))
    (fp_line (start -0.162779 -0.51) (end 0.162779 -0.51) (layer B.SilkS) (width 0.12))
    (fp_line (start -1.48 -0.73) (end -1.48 0.73) (layer B.CrtYd) (width 0.05))
    (fp_line (start -1.48 0.73) (end 1.48 0.73) (layer B.CrtYd) (width 0.05))
    (fp_line (start 1.48 0.73) (end 1.48 -0.73) (layer B.CrtYd) (width 0.05))
    (fp_line (start 1.48 -0.73) (end -1.48 -0.73) (layer B.CrtYd) (width 0.05))
    (fp_text user %R (at 0 0) (layer B.Fab)
      (effects (font (size 0.4 0.4) (thickness 0.06)) (justify mirror))
    )
    (pad 2 smd roundrect (at 0.7875 0) (size 0.875 0.95) (layers B.Cu B.Paste B.Mask) (roundrect_rratio 0.25)
      (net 79 /Inverter/VOUT_A))
    (pad 1 smd roundrect (at -0.7875 0) (size 0.875 0.95) (layers B.Cu B.Paste B.Mask) (roundrect_rratio 0.25)
      (net 4 "Net-(C4-Pad1)"))
    (model ${KISYS3DMOD}/Capacitor_SMD.3dshapes/C_0603_1608Metric.wrl
      (at (xyz 0 0 0))
      (scale (xyz 1 1 1))
      (rotate (xyz 0 0 0))
    )
  )

  (module Capacitor_SMD:C_0603_1608Metric (layer F.Cu) (tedit 5B301BBE) (tstamp 605C1E0E)
    (at 58.31 41.9 90)
    (descr "Capacitor SMD 0603 (1608 Metric), square (rectangular) end terminal, IPC_7351 nominal, (Body size source: http://www.tortai-tech.com/upload/download/2011102023233369053.pdf), generated with kicad-footprint-generator")
    (tags capacitor)
    (path /6062D296/606EACA5)
    (attr smd)
    (fp_text reference C5 (at 0 -1.43 90) (layer F.SilkS)
      (effects (font (size 1 1) (thickness 0.15)))
    )
    (fp_text value NM (at 0 1.43 90) (layer F.Fab)
      (effects (font (size 1 1) (thickness 0.15)))
    )
    (fp_line (start -0.8 0.4) (end -0.8 -0.4) (layer F.Fab) (width 0.1))
    (fp_line (start -0.8 -0.4) (end 0.8 -0.4) (layer F.Fab) (width 0.1))
    (fp_line (start 0.8 -0.4) (end 0.8 0.4) (layer F.Fab) (width 0.1))
    (fp_line (start 0.8 0.4) (end -0.8 0.4) (layer F.Fab) (width 0.1))
    (fp_line (start -0.162779 -0.51) (end 0.162779 -0.51) (layer F.SilkS) (width 0.12))
    (fp_line (start -0.162779 0.51) (end 0.162779 0.51) (layer F.SilkS) (width 0.12))
    (fp_line (start -1.48 0.73) (end -1.48 -0.73) (layer F.CrtYd) (width 0.05))
    (fp_line (start -1.48 -0.73) (end 1.48 -0.73) (layer F.CrtYd) (width 0.05))
    (fp_line (start 1.48 -0.73) (end 1.48 0.73) (layer F.CrtYd) (width 0.05))
    (fp_line (start 1.48 0.73) (end -1.48 0.73) (layer F.CrtYd) (width 0.05))
    (fp_text user %R (at 0 0 90) (layer F.Fab)
      (effects (font (size 0.4 0.4) (thickness 0.06)))
    )
    (pad 2 smd roundrect (at 0.7875 0 90) (size 0.875 0.95) (layers F.Cu F.Paste F.Mask) (roundrect_rratio 0.25)
      (net 5 "Net-(C5-Pad2)"))
    (pad 1 smd roundrect (at -0.7875 0 90) (size 0.875 0.95) (layers F.Cu F.Paste F.Mask) (roundrect_rratio 0.25)
      (net 6 /Inverter/SENSE_IA))
    (model ${KISYS3DMOD}/Capacitor_SMD.3dshapes/C_0603_1608Metric.wrl
      (at (xyz 0 0 0))
      (scale (xyz 1 1 1))
      (rotate (xyz 0 0 0))
    )
  )

  (module Capacitor_SMD:C_0603_1608Metric (layer F.Cu) (tedit 5B301BBE) (tstamp 605C1E3E)
    (at 62.81 47.9)
    (descr "Capacitor SMD 0603 (1608 Metric), square (rectangular) end terminal, IPC_7351 nominal, (Body size source: http://www.tortai-tech.com/upload/download/2011102023233369053.pdf), generated with kicad-footprint-generator")
    (tags capacitor)
    (path /6062D296/606EAC9D)
    (attr smd)
    (fp_text reference C6 (at 0 -1.43) (layer F.SilkS)
      (effects (font (size 1 1) (thickness 0.15)))
    )
    (fp_text value 0.1uF/16V (at 0 1.43) (layer F.Fab)
      (effects (font (size 1 1) (thickness 0.15)))
    )
    (fp_line (start 1.48 0.73) (end -1.48 0.73) (layer F.CrtYd) (width 0.05))
    (fp_line (start 1.48 -0.73) (end 1.48 0.73) (layer F.CrtYd) (width 0.05))
    (fp_line (start -1.48 -0.73) (end 1.48 -0.73) (layer F.CrtYd) (width 0.05))
    (fp_line (start -1.48 0.73) (end -1.48 -0.73) (layer F.CrtYd) (width 0.05))
    (fp_line (start -0.162779 0.51) (end 0.162779 0.51) (layer F.SilkS) (width 0.12))
    (fp_line (start -0.162779 -0.51) (end 0.162779 -0.51) (layer F.SilkS) (width 0.12))
    (fp_line (start 0.8 0.4) (end -0.8 0.4) (layer F.Fab) (width 0.1))
    (fp_line (start 0.8 -0.4) (end 0.8 0.4) (layer F.Fab) (width 0.1))
    (fp_line (start -0.8 -0.4) (end 0.8 -0.4) (layer F.Fab) (width 0.1))
    (fp_line (start -0.8 0.4) (end -0.8 -0.4) (layer F.Fab) (width 0.1))
    (fp_text user %R (at 0 0) (layer F.Fab)
      (effects (font (size 0.4 0.4) (thickness 0.06)))
    )
    (pad 1 smd roundrect (at -0.7875 0) (size 0.875 0.95) (layers F.Cu F.Paste F.Mask) (roundrect_rratio 0.25)
      (net 7 VDDA))
    (pad 2 smd roundrect (at 0.7875 0) (size 0.875 0.95) (layers F.Cu F.Paste F.Mask) (roundrect_rratio 0.25)
      (net 8 GNDA))
    (model ${KISYS3DMOD}/Capacitor_SMD.3dshapes/C_0603_1608Metric.wrl
      (at (xyz 0 0 0))
      (scale (xyz 1 1 1))
      (rotate (xyz 0 0 0))
    )
  )

  (module Capacitor_SMD:C_0805_2012Metric (layer F.Cu) (tedit 5B36C52B) (tstamp 605C1DAE)
    (at 57.5 21 270)
    (descr "Capacitor SMD 0805 (2012 Metric), square (rectangular) end terminal, IPC_7351 nominal, (Body size source: https://docs.google.com/spreadsheets/d/1BsfQQcO9C6DZCsRaXUlFlo91Tg2WpOkGARC1WS5S8t0/edit?usp=sharing), generated with kicad-footprint-generator")
    (tags capacitor)
    (path /6062D296/606EAE5C)
    (attr smd)
    (fp_text reference C7 (at 0 -1.65 90) (layer F.SilkS)
      (effects (font (size 1 1) (thickness 0.15)))
    )
    (fp_text value 1uF/50V (at 0 1.65 90) (layer F.Fab)
      (effects (font (size 1 1) (thickness 0.15)))
    )
    (fp_line (start 1.68 0.95) (end -1.68 0.95) (layer F.CrtYd) (width 0.05))
    (fp_line (start 1.68 -0.95) (end 1.68 0.95) (layer F.CrtYd) (width 0.05))
    (fp_line (start -1.68 -0.95) (end 1.68 -0.95) (layer F.CrtYd) (width 0.05))
    (fp_line (start -1.68 0.95) (end -1.68 -0.95) (layer F.CrtYd) (width 0.05))
    (fp_line (start -0.258578 0.71) (end 0.258578 0.71) (layer F.SilkS) (width 0.12))
    (fp_line (start -0.258578 -0.71) (end 0.258578 -0.71) (layer F.SilkS) (width 0.12))
    (fp_line (start 1 0.6) (end -1 0.6) (layer F.Fab) (width 0.1))
    (fp_line (start 1 -0.6) (end 1 0.6) (layer F.Fab) (width 0.1))
    (fp_line (start -1 -0.6) (end 1 -0.6) (layer F.Fab) (width 0.1))
    (fp_line (start -1 0.6) (end -1 -0.6) (layer F.Fab) (width 0.1))
    (fp_text user %R (at 0 0 90) (layer F.Fab)
      (effects (font (size 0.5 0.5) (thickness 0.08)))
    )
    (pad 1 smd roundrect (at -0.9375 0 270) (size 0.975 1.4) (layers F.Cu F.Paste F.Mask) (roundrect_rratio 0.25)
      (net 3 VDC))
    (pad 2 smd roundrect (at 0.9375 0 270) (size 0.975 1.4) (layers F.Cu F.Paste F.Mask) (roundrect_rratio 0.25)
      (net 1 GND))
    (model ${KISYS3DMOD}/Capacitor_SMD.3dshapes/C_0805_2012Metric.wrl
      (at (xyz 0 0 0))
      (scale (xyz 1 1 1))
      (rotate (xyz 0 0 0))
    )
  )

  (module Capacitor_SMD:C_0603_1608Metric (layer F.Cu) (tedit 5B301BBE) (tstamp 6057B6DE)
    (at 63.125001 68.275001)
    (descr "Capacitor SMD 0603 (1608 Metric), square (rectangular) end terminal, IPC_7351 nominal, (Body size source: http://www.tortai-tech.com/upload/download/2011102023233369053.pdf), generated with kicad-footprint-generator")
    (tags capacitor)
    (path /6062D296/60A37095)
    (attr smd)
    (fp_text reference C8 (at 0 -1.43) (layer F.SilkS)
      (effects (font (size 1 1) (thickness 0.15)))
    )
    (fp_text value NM (at 0 1.43) (layer F.Fab)
      (effects (font (size 1 1) (thickness 0.15)))
    )
    (fp_line (start 1.48 0.73) (end -1.48 0.73) (layer F.CrtYd) (width 0.05))
    (fp_line (start 1.48 -0.73) (end 1.48 0.73) (layer F.CrtYd) (width 0.05))
    (fp_line (start -1.48 -0.73) (end 1.48 -0.73) (layer F.CrtYd) (width 0.05))
    (fp_line (start -1.48 0.73) (end -1.48 -0.73) (layer F.CrtYd) (width 0.05))
    (fp_line (start -0.162779 0.51) (end 0.162779 0.51) (layer F.SilkS) (width 0.12))
    (fp_line (start -0.162779 -0.51) (end 0.162779 -0.51) (layer F.SilkS) (width 0.12))
    (fp_line (start 0.8 0.4) (end -0.8 0.4) (layer F.Fab) (width 0.1))
    (fp_line (start 0.8 -0.4) (end 0.8 0.4) (layer F.Fab) (width 0.1))
    (fp_line (start -0.8 -0.4) (end 0.8 -0.4) (layer F.Fab) (width 0.1))
    (fp_line (start -0.8 0.4) (end -0.8 -0.4) (layer F.Fab) (width 0.1))
    (fp_text user %R (at 0 0) (layer F.Fab)
      (effects (font (size 0.4 0.4) (thickness 0.06)))
    )
    (pad 1 smd roundrect (at -0.7875 0) (size 0.875 0.95) (layers F.Cu F.Paste F.Mask) (roundrect_rratio 0.25)
      (net 9 /Inverter/SENSE_VDC))
    (pad 2 smd roundrect (at 0.7875 0) (size 0.875 0.95) (layers F.Cu F.Paste F.Mask) (roundrect_rratio 0.25)
      (net 10 "Net-(C8-Pad2)"))
    (model ${KISYS3DMOD}/Capacitor_SMD.3dshapes/C_0603_1608Metric.wrl
      (at (xyz 0 0 0))
      (scale (xyz 1 1 1))
      (rotate (xyz 0 0 0))
    )
  )

  (module Capacitor_SMD:C_0603_1608Metric (layer F.Cu) (tedit 5B301BBE) (tstamp 6057B6EF)
    (at 58.605001 72.925001)
    (descr "Capacitor SMD 0603 (1608 Metric), square (rectangular) end terminal, IPC_7351 nominal, (Body size source: http://www.tortai-tech.com/upload/download/2011102023233369053.pdf), generated with kicad-footprint-generator")
    (tags capacitor)
    (path /6062D296/60A3709D)
    (attr smd)
    (fp_text reference C9 (at 0 -1.43) (layer F.SilkS)
      (effects (font (size 1 1) (thickness 0.15)))
    )
    (fp_text value 0.1uF/16V (at 0 1.43) (layer F.Fab)
      (effects (font (size 1 1) (thickness 0.15)))
    )
    (fp_line (start -0.8 0.4) (end -0.8 -0.4) (layer F.Fab) (width 0.1))
    (fp_line (start -0.8 -0.4) (end 0.8 -0.4) (layer F.Fab) (width 0.1))
    (fp_line (start 0.8 -0.4) (end 0.8 0.4) (layer F.Fab) (width 0.1))
    (fp_line (start 0.8 0.4) (end -0.8 0.4) (layer F.Fab) (width 0.1))
    (fp_line (start -0.162779 -0.51) (end 0.162779 -0.51) (layer F.SilkS) (width 0.12))
    (fp_line (start -0.162779 0.51) (end 0.162779 0.51) (layer F.SilkS) (width 0.12))
    (fp_line (start -1.48 0.73) (end -1.48 -0.73) (layer F.CrtYd) (width 0.05))
    (fp_line (start -1.48 -0.73) (end 1.48 -0.73) (layer F.CrtYd) (width 0.05))
    (fp_line (start 1.48 -0.73) (end 1.48 0.73) (layer F.CrtYd) (width 0.05))
    (fp_line (start 1.48 0.73) (end -1.48 0.73) (layer F.CrtYd) (width 0.05))
    (fp_text user %R (at 0 0) (layer F.Fab)
      (effects (font (size 0.4 0.4) (thickness 0.06)))
    )
    (pad 2 smd roundrect (at 0.7875 0) (size 0.875 0.95) (layers F.Cu F.Paste F.Mask) (roundrect_rratio 0.25)
      (net 8 GNDA))
    (pad 1 smd roundrect (at -0.7875 0) (size 0.875 0.95) (layers F.Cu F.Paste F.Mask) (roundrect_rratio 0.25)
      (net 7 VDDA))
    (model ${KISYS3DMOD}/Capacitor_SMD.3dshapes/C_0603_1608Metric.wrl
      (at (xyz 0 0 0))
      (scale (xyz 1 1 1))
      (rotate (xyz 0 0 0))
    )
  )

  (module Capacitor_SMD:C_0603_1608Metric (layer B.Cu) (tedit 5B301BBE) (tstamp 6057B700)
    (at 48 34 180)
    (descr "Capacitor SMD 0603 (1608 Metric), square (rectangular) end terminal, IPC_7351 nominal, (Body size source: http://www.tortai-tech.com/upload/download/2011102023233369053.pdf), generated with kicad-footprint-generator")
    (tags capacitor)
    (path /6062D296/606EAF00)
    (attr smd)
    (fp_text reference C10 (at 0 1.43) (layer B.SilkS)
      (effects (font (size 1 1) (thickness 0.15)) (justify mirror))
    )
    (fp_text value 1uF/16V (at 0 -1.43) (layer B.Fab)
      (effects (font (size 1 1) (thickness 0.15)) (justify mirror))
    )
    (fp_line (start -0.8 -0.4) (end -0.8 0.4) (layer B.Fab) (width 0.1))
    (fp_line (start -0.8 0.4) (end 0.8 0.4) (layer B.Fab) (width 0.1))
    (fp_line (start 0.8 0.4) (end 0.8 -0.4) (layer B.Fab) (width 0.1))
    (fp_line (start 0.8 -0.4) (end -0.8 -0.4) (layer B.Fab) (width 0.1))
    (fp_line (start -0.162779 0.51) (end 0.162779 0.51) (layer B.SilkS) (width 0.12))
    (fp_line (start -0.162779 -0.51) (end 0.162779 -0.51) (layer B.SilkS) (width 0.12))
    (fp_line (start -1.48 -0.73) (end -1.48 0.73) (layer B.CrtYd) (width 0.05))
    (fp_line (start -1.48 0.73) (end 1.48 0.73) (layer B.CrtYd) (width 0.05))
    (fp_line (start 1.48 0.73) (end 1.48 -0.73) (layer B.CrtYd) (width 0.05))
    (fp_line (start 1.48 -0.73) (end -1.48 -0.73) (layer B.CrtYd) (width 0.05))
    (fp_text user %R (at 0 0) (layer B.Fab)
      (effects (font (size 0.4 0.4) (thickness 0.06)) (justify mirror))
    )
    (pad 2 smd roundrect (at 0.7875 0 180) (size 0.875 0.95) (layers B.Cu B.Paste B.Mask) (roundrect_rratio 0.25)
      (net 2 +12V))
    (pad 1 smd roundrect (at -0.7875 0 180) (size 0.875 0.95) (layers B.Cu B.Paste B.Mask) (roundrect_rratio 0.25)
      (net 1 GND))
    (model ${KISYS3DMOD}/Capacitor_SMD.3dshapes/C_0603_1608Metric.wrl
      (at (xyz 0 0 0))
      (scale (xyz 1 1 1))
      (rotate (xyz 0 0 0))
    )
  )

  (module Capacitor_SMD:C_0603_1608Metric (layer B.Cu) (tedit 5B301BBE) (tstamp 6057B711)
    (at 47.5 29)
    (descr "Capacitor SMD 0603 (1608 Metric), square (rectangular) end terminal, IPC_7351 nominal, (Body size source: http://www.tortai-tech.com/upload/download/2011102023233369053.pdf), generated with kicad-footprint-generator")
    (tags capacitor)
    (path /6062D296/606EAF06)
    (attr smd)
    (fp_text reference C11 (at 0 1.43) (layer B.SilkS)
      (effects (font (size 1 1) (thickness 0.15)) (justify mirror))
    )
    (fp_text value 0.1uF/16V (at 0 -1.43) (layer B.Fab)
      (effects (font (size 1 1) (thickness 0.15)) (justify mirror))
    )
    (fp_line (start -0.8 -0.4) (end -0.8 0.4) (layer B.Fab) (width 0.1))
    (fp_line (start -0.8 0.4) (end 0.8 0.4) (layer B.Fab) (width 0.1))
